-5.191         -4.889              9              0            200             10           4000              0             10      -0.163261       0.2400180       0.231019               
-4.889         -4.716              9              0            200             10           4000              0             10      -0.374632       0.232604       0.140832               
-4.716         -4.538              9              0            200             10           4000              0             10      -0.371612       0.229925       0.154245               
-4.538         -4.363              9              0            200             10           4000              0             10      -0.449255       0.308076       0.102338               
-4.363         -4.191              9              0            200             10           4000              0             10      -0.465720       0.343772       0.102556               
-4.191         -4.013              9              0            200             10           4000              0             10      -0.546913       0.369712       0.105634               
-4.013         -3.839              9              0            200             10           4000              0             10      -0.572841       0.370345       0.123426               
-3.839         -3.664              9              0            200             10           4000              0             10      -0.578462       0.410689      0.0970242               
-3.664         -3.489              9              0            200             10           4000              0             10      -0.639396       0.420964      0.0983317               
-3.489         -3.314              9              0            200             10           4000              0             10      -0.549173       0.395163      0.0985231               
-3.314         -3.139              9              0            200             10           4000              0             10      -0.625905       0.421870      0.0670847               
-3.139         -2.964              9              0            200             10           4000              0             10      -0.756081       0.546723     0.00510434               
-2.964         -2.853              9              0            200             10           4000              0             10      -1.128509       0.625715     -0.0625934               
-2.853          -2.65              9              0            200             10           4000              0             10      -1.803452       0.798725      -0.108915               
-2.65           -2.5              9              0            200             10           4000              0             10      -0.249692       0.255826       0.126826               
-2.5         -2.322              9              0            200             10           4000              0             10      -0.090971       0.136417       0.237556               
-2.322         -2.172              9              0            200             10           4000              0             10      -0.173610       0.140138       0.117004               
-2.172         -2.043              9              0            200             10           4000              0             10      -0.107422       0.149902      0.0125321               
-2.043          -1.93              9              0            200             10           4000              0             10      -0.077617       0.189004     -0.0784957               
-1.93          -1.83              9              0            200             10           4000              0             10      -0.051718       0.215019      -0.108216               
-1.83          -1.74              9              0            200             10           4000              0             10       0.015347       0.235958      -0.112179               
-1.74         -1.653              9              0            200             10           4000              0             10      -0.050089       0.268110      -0.110912               
-1.653         -1.566              9              0            200             10           4000              0             10      -0.061767       0.293971      -0.107058               
-1.566         -1.479              9              0            200             10           4000              0             10      -0.072692       0.307230      -0.095716               
-1.479         -1.392              9              0            200             10           4000              0             10      -0.167200       0.324595     -0.0870703               
-1.392         -1.305              9              0            200             10           4000              0             10      -0.150541       0.305134     -0.0617268               
-1.305         -1.218              9              0            200             10           4000              0             10      -0.218474       0.306603     -0.0487462               
-1.218         -1.131              9              0            200             10           4000              0             10      -0.229345       0.308124     -0.0412698               
-1.131         -1.044              9              0            200             10           4000              0             10      -0.292692       0.310100     -0.0339567               
-1.044         -0.957              9              0            200             10           4000              0             10      -0.290280       0.295512     -0.0201041               
-0.957         -0.879              9              0            200             10           4000              0             10      -0.321108       0.303502     -0.0204851               
-0.879         -0.783              9              0            200             10           4000              0             10      -0.330835       0.309440     -0.0199977               
-0.783         -0.696              9              0            200             10           4000              0             10      -0.383554       0.311448     -0.0167928               
-0.696         -0.609              9              0            200             10           4000              0             10      -0.372944       0.311842     -0.0149579               
-0.609         -0.522              9              0            200             10           4000              0             10      -0.353940       0.306940     -0.0106739               
-0.522         -0.435              9              0            200             10           4000              0             10      -0.289426       0.295073    -0.00379391               
-0.435         -0.348              9              0            200             10           4000              0             10      -0.353108       0.308869    -0.00750294               
-0.348         -0.261              9              0            200             10           4000              0             10      -0.415528       0.310450    -0.00376857               
-0.261         -0.174              9              0            200             10           4000              0             10      -0.289590       0.297048      0.0044317               
-0.174         -0.087              9              0            200             10           4000              0             10      -0.300587       0.302159    0.000713694               
-0.087              0              9              0            200             10           4000              0             10      -0.288351       0.302405    0.000627161               
0          0.087              9              0            200             10           4000              0             10      -0.334886       0.312239    -0.00380515               
0.087          0.174              9              0            200             10           4000              0             10      -0.382589       0.313430    -0.00494754               
0.174          0.261              9              0            200             10           4000              0             10      -0.347500       0.303463     0.00170772               
0.261          0.348              9              0            200             10           4000              0             10      -0.298828       0.299437    -0.00219676               
0.348          0.435              9              0            200             10           4000              0             10      -0.331890       0.298485   -3.65606e-05               
0.435          0.522              9              0            200             10           4000              0             10      -0.304119       0.293709    -0.00093941               
0.522          0.609              9              0            200             10           4000              0             10      -0.304863       0.305457     -0.0147352               
0.609          0.696              9              0            200             10           4000              0             10      -0.353021       0.309776      -0.017776               
0.696          0.783              9              0            200             10           4000              0             10      -0.366050       0.311059      -0.021355               
0.783          0.879              9              0            200             10           4000              0             10      -0.350245       0.298680     -0.0156583               
0.879          0.957              9              0            200             10           4000              0             10      -0.313102       0.290093     -0.0138151               
0.957          1.044              9              0            200             10           4000              0             10      -0.338007       0.300679     -0.0229788               
1.044          1.131              9              0            200             10           4000              0             10      -0.236711       0.292967     -0.0249525               
1.131          1.218              9              0            200             10           4000              0             10      -0.232451       0.307317     -0.0398989               
1.218          1.305              9              0            200             10           4000              0             10      -0.232415       0.311971     -0.0464185               
1.305          1.392              9              0            200             10           4000              0             10      -0.182018       0.325372     -0.0647444               
1.392          1.479              9              0            200             10           4000              0             10      -0.145164       0.349236      -0.093453               
1.479          1.566              9              0            200             10           4000              0             10      -0.069809       0.321899     -0.0900349               
1.566          1.653              9              0            200             10           4000              0             10      -0.097495       0.319032      -0.105384               
1.653           1.74              9              0            200             10           4000              0             10      -0.062464       0.287718      -0.107837               
1.74           1.83              9              0            200             10           4000              0             10      -0.078890       0.262167      -0.109625               
1.83           1.93              9              0            200             10           4000              0             10      -0.130310       0.241687      -0.106195               
1.93          2.043              9              0            200             10           4000              0             10      -0.118845       0.207503     -0.0741362               
2.043          2.172              9              0            200             10           4000              0             10      -0.112467       0.165287      0.0189642               
2.172          2.322              9              0            200             10           4000              0             10      -0.178998       0.156029       0.120674               
2.322            2.5              9              0            200             10           4000              0             10      -0.129415       0.152066       0.244499               
2.5           2.65              9              0            200             10           4000              0             10      -0.355093       0.296952        0.11419               
2.65          2.853              9              0            200             10           4000              0             10      -1.982276       0.873513      -0.109778               
2.853          2.964              9              0            200             10           4000              0             10      -1.081558       0.619198     -0.0531741               
2.964          3.139              9              0            200             10           4000              0             10      -0.860832       0.581704     0.00144145               
3.139          3.314              9              0            200             10           4000              0             10      -0.650049       0.433369      0.0693243               
3.314          3.489              9              0            200             10           4000              0             10      -0.530654       0.398243       0.105229               
3.489          3.664              9              0            200             10           4000              0             10      -0.633495       0.440268      0.0920591               
3.664          3.839              9              0            200             10           4000              0             10      -0.674218       0.452999      0.0834673               
3.839          4.013              9              0            200             10           4000              0             10      -0.597619       0.424276      0.0882577               
4.013          4.191              9              0            200             10           4000              0             10      -0.556415       0.380653       0.112466               
4.191          4.363              9              0            200             10           4000              0             10      -0.577698       0.361415       0.109953               
4.363          4.538              9              0            200             10           4000              0             10      -0.475591       0.319524       0.107966               
4.538          4.716              9              0            200             10           4000              0             10      -0.388494       0.243000       0.146985               
4.716          4.889              9              0            200             10           4000              0             10      -0.376840       0.237956       0.148504               
4.889          5.191              9              0            200             10           4000              0             10      -0.228686       0.194903       0.268985               
